
Round: 0
00000000
00000000
00000000
00000000
00000000
00000000
00000000
00000000

Valid moves for 1:
3, 3
3, 4
4, 3
4, 4

Player 1: 4, 3

After move by Player 1
00000000
00000000
00000000
00010000
00000000
00000000
00000000
00000000


Round: 1
00000000
00000000
00000000
00010000
00000000
00000000
00000000
00000000

Valid moves for 2:
3, 3
3, 4
4, 4

Player 2: 4, 4

After move by Player 2
00000000
00000000
00000000
00012000
00000000
00000000
00000000
00000000


Round: 2
00000000
00000000
00000000
00012000
00000000
00000000
00000000
00000000

Valid moves for 1:
3, 3
3, 4

Player 1: 3, 3

After move by Player 1
00000000
00000000
00000000
00012000
00010000
00000000
00000000
00000000


Round: 3
00000000
00000000
00000000
00012000
00010000
00000000
00000000
00000000

Valid moves for 2:
3, 4

Player 2: 3, 4

After move by Player 2
00000000
00000000
00000000
00012000
00012000
00000000
00000000
00000000


Round: 4
00000000
00000000
00000000
00012000
00012000
00000000
00000000
00000000

Valid moves for 1:
2, 5
3, 5
4, 5
5, 5

Player 1: 3, 5

After move by Player 1
00000000
00000000
00000000
00012000
00011100
00000000
00000000
00000000


Round: 5
00000000
00000000
00000000
00012000
00011100
00000000
00000000
00000000

Valid moves for 2:
2, 2
2, 4
2, 6
4, 2

Player 2: 2, 2

After move by Player 2
00000000
00000000
00000000
00012000
00021100
00200000
00000000
00000000


Round: 6
00000000
00000000
00000000
00012000
00021100
00200000
00000000
00000000

Valid moves for 1:
2, 3
3, 2
4, 5
5, 3
5, 4

Player 1: 3, 2

After move by Player 1
00000000
00000000
00000000
00012000
00111100
00200000
00000000
00000000


Round: 7
00000000
00000000
00000000
00012000
00111100
00200000
00000000
00000000

Valid moves for 2:
2, 4
2, 6
4, 2

Player 2: 4, 2

After move by Player 2
00000000
00000000
00000000
00222000
00211100
00200000
00000000
00000000


Round: 8
00000000
00000000
00000000
00222000
00211100
00200000
00000000
00000000

Valid moves for 1:
1, 1
3, 1
5, 1
5, 2
5, 3
5, 4
5, 5

Player 1: 5, 3

After move by Player 1
00000000
00000000
00010000
00211000
00211100
00200000
00000000
00000000


Round: 9
00000000
00000000
00010000
00211000
00211100
00200000
00000000
00000000

Valid moves for 2:
2, 4
3, 6
4, 5
5, 4
5, 5
6, 4

Player 2: 5, 4

After move by Player 2
00000000
00000000
00012000
00221000
00211100
00200000
00000000
00000000


Round: 10
00000000
00000000
00012000
00221000
00211100
00200000
00000000
00000000

Valid moves for 1:
1, 1
3, 1
4, 1
5, 1
5, 2
5, 5
6, 4

Player 1: 5, 1

After move by Player 1
00000000
00000000
01012000
00121000
00211100
00200000
00000000
00000000


Round: 11
00000000
00000000
01012000
00121000
00211100
00200000
00000000
00000000

Valid moves for 2:
2, 3
2, 4
2, 5
3, 6
4, 1
4, 5
5, 2
5, 5
6, 3

Player 2: 4, 1

After move by Player 2
00000000
00000000
01012000
02221000
00211100
00200000
00000000
00000000


Round: 12
00000000
00000000
01012000
02221000
00211100
00200000
00000000
00000000

Valid moves for 1:
1, 1
3, 1
4, 0
5, 2
5, 5
6, 4

Player 1: 3, 1

After move by Player 1
00000000
00000000
01012000
01121000
01111100
00200000
00000000
00000000


Round: 13
00000000
00000000
01012000
01121000
01111100
00200000
00000000
00000000

Valid moves for 2:
2, 1
2, 3
2, 4
2, 5
4, 0
4, 5
5, 2
5, 5
6, 3

Player 2: 4, 0

After move by Player 2
00000000
00000000
01012000
22221000
02111100
00200000
00000000
00000000


Round: 14
00000000
00000000
01012000
22221000
02111100
00200000
00000000
00000000

Valid moves for 1:
1, 1
1, 2
2, 0
2, 1
3, 0
5, 0
5, 2
5, 5
6, 4
6, 5

Player 1: 3, 0

After move by Player 1
00000000
00000000
01012000
22221000
11111100
00200000
00000000
00000000


Round: 15
00000000
00000000
01012000
22221000
11111100
00200000
00000000
00000000

Valid moves for 2:
2, 0
2, 1
2, 3
2, 4
2, 5
4, 5
5, 2
5, 5
6, 0
6, 1
6, 2
6, 3
6, 4

Player 2: 2, 0

After move by Player 2
00000000
00000000
01012000
22221000
22111100
20200000
00000000
00000000


Round: 16
00000000
00000000
01012000
22221000
22111100
20200000
00000000
00000000

Valid moves for 1:
1, 1
1, 2
2, 1
5, 0
5, 2
5, 5
6, 4
6, 5

Player 1: 5, 2

After move by Player 1
00000000
00000000
01112000
22111000
22111100
20200000
00000000
00000000


Round: 17
00000000
00000000
01112000
22111000
22111100
20200000
00000000
00000000

Valid moves for 2:
2, 1
2, 3
2, 4
3, 6
4, 5
5, 0
5, 5
6, 1
6, 2
6, 3
6, 4

Player 2: 4, 5

After move by Player 2
00000000
00000000
01112000
22222200
22111100
20200000
00000000
00000000


Round: 18
00000000
00000000
01112000
22222200
22111100
20200000
00000000
00000000

Valid moves for 1:
1, 1
1, 2
2, 1
5, 0
5, 5
5, 6
6, 4
6, 5

Player 1: 5, 5

After move by Player 1
00000000
00000000
01111100
22221100
22111100
20200000
00000000
00000000


Round: 19
00000000
00000000
01111100
22221100
22111100
20200000
00000000
00000000

Valid moves for 2:
2, 1
2, 3
2, 4
2, 5
3, 6
4, 6
6, 0
6, 1
6, 2
6, 3
6, 4
6, 5
6, 6

Player 2: 6, 5

After move by Player 2
00000000
00000200
01112100
22221100
22111100
20200000
00000000
00000000


Round: 20
00000000
00000200
01112100
22221100
22111100
20200000
00000000
00000000

Valid moves for 1:
1, 1
1, 2
2, 1
5, 0
6, 3
6, 4
7, 5
7, 6

Player 1: 6, 4

After move by Player 1
00000000
00001200
01111100
22221100
22111100
20200000
00000000
00000000


Round: 21
00000000
00001200
01111100
22221100
22111100
20200000
00000000
00000000

Valid moves for 2:
2, 1
2, 3
2, 4
2, 5
3, 6
4, 6
6, 0
6, 1
6, 2
6, 3
6, 6
7, 5

Player 2: 6, 6

After move by Player 2
00000000
00001220
01111200
22222100
22121100
20200000
00000000
00000000


Round: 22
00000000
00001220
01111200
22222100
22121100
20200000
00000000
00000000

Valid moves for 1:
1, 2
2, 1
2, 3
2, 4
4, 6
5, 0
5, 6
6, 7
7, 5
7, 6

Player 1: 2, 3

After move by Player 1
00000000
00001220
01111200
22212100
22111100
20210000
00000000
00000000


Round: 23
00000000
00001220
01111200
22212100
22111100
20210000
00000000
00000000

Valid moves for 2:
1, 4
2, 1
2, 4
2, 5
2, 6
3, 6
4, 6
5, 0
6, 0
6, 1
6, 2
6, 3
7, 3
7, 4
7, 5

Player 2: 3, 6

After move by Player 2
00000000
00001220
01111200
22212100
22222220
20210000
00000000
00000000


Round: 24
00000000
00001220
01111200
22212100
22222220
20210000
00000000
00000000

Valid moves for 1:
1, 2
2, 1
2, 4
2, 5
2, 6
2, 7
4, 6
5, 0
5, 6
6, 7
7, 5
7, 6

Player 1: 2, 1

After move by Player 1
00000000
00001220
01111200
21212100
21122220
21110000
00000000
00000000


Round: 25
00000000
00001220
01111200
21212100
21122220
21110000
00000000
00000000

Valid moves for 2:
1, 0
1, 1
1, 2
1, 3
2, 4
4, 6
5, 0
5, 6
6, 0
6, 1
6, 2
6, 3
7, 3
7, 4
7, 5

Player 2: 6, 3

After move by Player 2
00000000
00022220
01222200
22222200
21122220
21110000
00000000
00000000


Round: 26
00000000
00022220
01222200
22222200
21122220
21110000
00000000
00000000

Valid moves for 1:
2, 4
3, 7
5, 0
5, 6
6, 2
7, 3
7, 5
7, 6
7, 7

Player 1: 7, 7

After move by Player 1
00000001
00022210
01222100
22221200
21112220
21110000
00000000
00000000


Round: 27
00000001
00022210
01222100
22221200
21112220
21110000
00000000
00000000

Valid moves for 2:
1, 0
1, 1
1, 2
1, 3
1, 4
2, 4
4, 6
5, 0
5, 6
6, 0
6, 1
6, 2
6, 7

Player 2: 6, 7

After move by Player 2
00000001
00022222
01222100
22221200
21112220
21110000
00000000
00000000


Round: 28
00000001
00022222
01222100
22221200
21112220
21110000
00000000
00000000

Valid moves for 1:
2, 4
2, 5
2, 6
3, 7
4, 6
5, 0
5, 6
5, 7
6, 2
7, 3
7, 4
7, 5
7, 6

Player 1: 6, 2

After move by Player 1
00000001
00122222
01112100
22121200
21112220
21110000
00000000
00000000


Round: 29
00000001
00122222
01112100
22121200
21112220
21110000
00000000
00000000

Valid moves for 2:
1, 0
1, 1
1, 2
1, 3
1, 4
2, 4
4, 6
5, 0
5, 6
6, 1
7, 1
7, 3

Player 2: 7, 1

After move by Player 2
02000001
00222222
01122100
22122200
21112220
21110000
00000000
00000000


Round: 30
02000001
00222222
01122100
22122200
21112220
21110000
00000000
00000000

Valid moves for 1:
2, 5
3, 7
4, 6
5, 0
5, 6
5, 7
7, 2
7, 3
7, 4
7, 5
7, 6

Player 1: 5, 7

After move by Player 1
02000001
00222221
01122101
22122200
21112220
21110000
00000000
00000000


Round: 31
02000001
00222221
01122101
22122200
21112220
21110000
00000000
00000000

Valid moves for 2:
1, 0
1, 1
1, 2
1, 3
1, 4
2, 4
4, 6
5, 0
5, 6
6, 1

Player 2: 6, 1

After move by Player 